1,1,0,[15.752 0.034000017 -66.501],[0 0 0 1],[0 0 0],[0 0 0],[-1 0 0 -0],[0 0 0 0]
1,101,0.99999934,[15.751977 1.799874e-05 -66.501],[2.5239142e-06 7.403759e-06 0.00055602915 0.9999998],[0.0006272526 -0.00039881468 -5.1567964e-05],[0.0008092626 -0.8397856 0.070741214],[0 0 0 -0],[0 0 0 0]
1,1801,18.000317,[15.751998 9.0897083e-07 -66.501],[2.4299084e-08 6.3568996e-07 2.4449522e-05 1],[0.0002471888 -9.943545e-05 -2.060435e-06],[0.00029593866 -0.30305576 0.0045205024],[-0.41766995 0.0004882887 0.0004882887 -0.0024538843],[3068.5247 3047.6926 3064.228 3064.0793]
1,1901,19.00034,[15.763651 0.36075178 -66.45556],[0.050798863 0.0006866886 -0.0035915198 0.9987023],[0.0321794 -0.08877988 0.24099605],[7.044445 -0.42502752 0.08792248],[-0.3688258 0.0004882887 0.038590066 -0.0024538843],[3534.092 3529.2966 3588.181 3585.5571]
1,2001,20.000362,[15.844908 0.30999345 -65.529785],[0.08805349 0.0014866969 -0.006617372 0.99609274],[0.14112416 0.26651677 1.7545094],[1.2392641 -0.42532608 0.0879217],[-0.32191956 0.0004882887 0.006347753 -0.0024538843],[4052.0867 4047.2588 4053.2468 4050.6128]
1,2101,21.000385,[16.02729 0.27138975 -62.95977],[0.08907285 0.00020947336 0.016293773 0.9958918],[0.1332095 -0.19198073 3.384853],[-0.14051998 0.9690108 0.08792147],[-0.30238807 0.0004882887 0.0004882887 0.0034171215],[4305.791 4288.771 4319.604 4304.7705]
1,2201,22.000408,[15.989587 0.37458888 -58.761135],[0.08073818 -0.0016949388 0.023610147 0.99645424],[-0.2312088 0.30830273 4.9044805],[0.084568456 -0.42463857 0.08792336],[-0.29262227 0.0004882887 0.0004882887 -0.0024538843],[4323.4365 4318.5176 4323.161 4320.459]
1,2301,23.000431,[15.679245 0.6191686 -53.257103],[0.08140109 0.0040246886 -0.03725031 0.9959769],[-0.109204575 0.14799449 6.0593634],[0.08244464 -0.4249978 0.087921776],[-0.32486457 0.0004882887 0.0004882887 -0.0024538843],[3926.6147 3921.714 3926.4734 3923.7913]
1,2401,24.000454,[15.922539 0.40632987 -46.689304],[0.0699737 -0.010050277 -0.017122077 0.9973513],[0.542798 -0.18508938 7.0744596],[-2.477823 6.693877 -3.4740968],[-0.27307546 -0.021972992 -0.014160372 0.03767977],[4449.3643 4620.1807 4536.855 4484.4]
1,2501,25.000477,[16.498844 0.38474435 -39.21198],[0.06652221 -0.06597862 0.022215515 0.9953533],[0.50191706 0.077826425 7.831503],[0.085769035 11.611101 -9.008999],[-0.27307546 -0.049332418 0.0004882887 0.06214217],[4362.71 4578.5728 4500.74 4442.0547]
1,2601,26.0005,[16.461906 0.51102036 -31.143993],[0.06375426 -0.1431937 0.084096394 0.9840522],[-0.7593798 0.15264481 8.238339],[0.08432232 10.849769 -6.3984227],[-0.27307546 -0.034683757 0.0004882887 0.06313595],[4353.0864 4568.201 4434.663 4488.3223]
1,2701,27.000523,[14.52575 0.55817604 -22.936764],[0.042224795 -0.1801632 0.047676582 0.98157287],[-3.0185242 -0.067018226 8.068564],[-6.2754173 -43.63922 0.08792183],[-0.27307546 0.0004882887 -0.054215305 -0.25403437],[4625.7427 3598.2844 4309.6064 3284.3523]
1,2801,28.000546,[11.716254 0.6744829 -14.761879],[0.043086898 -0.1767449 -0.020580208 0.98309785],[-2.502322 0.32213324 8.265767],[0.0838104 -0.4247689 0.08792192],[-0.27307546 0.0004882887 0.0004882887 -0.0024538843],[4586.6953 4581.792 4586.468 4583.7783]
1,2901,29.000568,[9.472624 0.7573251 -6.48603],[0.031889815 -0.19361678 0.0027982874 0.9805549],[-2.0624902 -0.66492856 8.270751],[-2.2668874 11.331992 -10.333777],[-0.36687267 -0.055191882 -0.0122072175 0.06214217],[3381.2068 3601.6191 3496.7883 3461.6997]
1,3001,30.000591,[7.4214272 0.16527922 1.3192852],[-0.023308761 -0.27746913 0.094593115 0.9557823],[-2.110363 0.687224 7.022256],[0.17582102 63.054127 -31.261267],[-0.28967726 -0.15484856 0.0004882887 0.300039],[3377.7402 4489.0957 3761.1016 4095.9683]
1,3101,31.000614,[3.3005779 0.35658354 6.5712867],[0.054589443 -0.39767438 -0.042207222 0.9149283],[-5.7250595 -0.73821956 3.8098633],[-0.0038385664 -178.9015 22.88461],[-0.31898987 0.116746776 0.0004882887 -0.59961164],[4114.371 2272.1882 3836.1162 2563.152]
1,3201,32.000637,[-1.5138277 0.2895293 9.741196],[0.019146198 -0.29163814 -0.13851386 0.9462529],[-4.2169595 0.2838669 2.7672837],[-22.361801 -135.19537 62.661926],[-0.39618528 0.28284124 -0.10307469 -0.5252154],[3225.168 1431.1163 2352.356 1497.962]
1,3301,33.00047,[-4.2716436 4.9956143e-05 11.28898],[0.00034662962 0.20200014 0.001343637 0.97938454],[-1.1332322 -0.0011008307 0.1565581],[0.2276835 -2.538759 75.64717],[-0.5534905 0.35318533 0.0004882887 -0.09739857],[1819.7682 128.80049 1431.1163 1431.1163]
1,3401,34.0003,[-4.482616 0.01631869 11.266325],[-0.006124905 0.55366176 -0.0100022275 0.83265907],[0.003933973 0.1794563 -0.05095884],[0.08106929 -0.2454806 0.08792193],[-0.36296636 0.0004882887 0.0004882887 -0.0024538843],[3636.1016 3621.2703 3636.0486 3623.394]
1,1,0,[15.752 0.034000017 -66.501],[0 0 0 1],[0 0 0],[0 0 0],[-1 0 0 -0],[0 0 0 0]
